Environment Index to ID Mapping============================================================
Index      Env ID     RGB Color                     
------------------------------------------------------------
0          6          RGB(0.122, 0.467, 0.706)
1          7          RGB(0.682, 0.780, 0.910)
2          8          RGB(1.000, 0.498, 0.055)
3          9          RGB(1.000, 0.733, 0.471)
4          10         RGB(0.173, 0.627, 0.173)
5          11         RGB(0.596, 0.875, 0.541)
6          12         RGB(0.839, 0.153, 0.157)
7          13         RGB(1.000, 0.596, 0.588)
8          14         RGB(0.580, 0.404, 0.741)
9          15         RGB(0.773, 0.690, 0.835)
10         16         RGB(0.549, 0.337, 0.294)
11         17         RGB(0.769, 0.612, 0.580)
12         18         RGB(0.890, 0.467, 0.761)
13         19         RGB(0.969, 0.714, 0.824)
14         20         RGB(0.498, 0.498, 0.498)
15         21         RGB(0.780, 0.780, 0.780)
16         22         RGB(0.737, 0.741, 0.133)
17         23         RGB(0.859, 0.859, 0.553)
18         24         RGB(0.090, 0.745, 0.812)
19         25         RGB(0.620, 0.855, 0.898)
20         26         RGB(0.224, 0.231, 0.475)
21         27         RGB(0.322, 0.329, 0.639)
22         28         RGB(0.420, 0.431, 0.812)
23         29         RGB(0.612, 0.620, 0.871)
24         30         RGB(0.388, 0.475, 0.224)
25         31         RGB(0.549, 0.635, 0.322)
26         32         RGB(0.710, 0.812, 0.420)
27         33         RGB(0.808, 0.859, 0.612)
28         34         RGB(0.549, 0.427, 0.192)
29         35         RGB(0.741, 0.620, 0.224)
30         36         RGB(0.906, 0.729, 0.322)
31         37         RGB(0.906, 0.796, 0.580)
32         38         RGB(0.518, 0.235, 0.224)
33         39         RGB(0.678, 0.286, 0.290)
34         40         RGB(0.839, 0.380, 0.420)
35         41         RGB(0.906, 0.588, 0.612)
36         42         RGB(0.482, 0.255, 0.451)
37         43         RGB(0.647, 0.318, 0.580)
38         44         RGB(0.808, 0.427, 0.741)
39         45         RGB(0.871, 0.620, 0.839)
40         46         RGB(0.192, 0.510, 0.741)
41         47         RGB(0.420, 0.682, 0.839)
42         48         RGB(0.620, 0.792, 0.882)
43         49         RGB(0.776, 0.859, 0.937)
44         50         RGB(0.902, 0.333, 0.051)
45         51         RGB(0.992, 0.553, 0.235)
46         52         RGB(0.992, 0.682, 0.420)
47         53         RGB(0.992, 0.816, 0.635)
48         54         RGB(0.192, 0.639, 0.329)
49         55         RGB(0.455, 0.769, 0.463)
